
1.03	3.452E+03	
1.07	3.150E+03
1.07210	3.156E+03	
1.18283	2.434E+03	
1.30500	1.873E+03	
1.30500	1.883E+03	
1.50000	1.295E+03	
2.00000	5.869E+02	
2.14550	4.824E+02	
2.14550	7.114E+02	
2.30297	5.916E+02	
2.47200	4.907E+02	
2.47200	4.962E+02	
3.00000	2.958E+02
4.00000	1.331E+02
4.03810	1.296E+02	
4.03810	3.332E+02	
5.00000	1.917E+02	
6.00000	1.171E+02	
8.00000	5.323E+01	
10	2.851E+01	
15	9.032E+00	
20	4.001E+00	
30	1.331E+00	
40	6.655E-01	
50	4.242E-01	
60	3.148E-01	
80	2.229E-01	
100	1.855E-01	
150	1.480E-01